positive/0.jpg 4 226 245 185 161 428 152 74 61 368 124 56 40 429 79 46 38
positive/1.jpg 1 470 256 186 139
positive/10.jpg 1 490 128 56 36
positive/11.jpg 4 172 221 117 93 361 143 66 45 314 108 49 33 435 85 39 32
positive/12.jpg 2 439 170 70 65 10 243 279 188
positive/13.jpg 1 337 167 81 66
positive/14.jpg 2 257 176 75 53 368 160 62 39
positive/15.jpg 2 255 161 89 59 338 90 49 40
positive/16.jpg 3 209 199 109 78 380 65 57 43 398 32 47 33
positive/17.jpg 2 318 196 97 82 377 119 57 49
positive/18.jpg 3 226 235 194 152 298 128 64 42 445 73 38 34
positive/19.jpg 2 442 157 60 58 372 89 36 29
positive/2.jpg 3 334 180 90 73 429 127 48 48 380 107 42 35
positive/20.jpg 3 319 150 54 42 449 122 45 36 401 110 44 39
positive/21.jpg 5 493 227 121 97 409 148 64 53 479 113 45 43 521 87 41 31 481 70 35 31
positive/22.jpg 3 437 164 75 74 71 238 208 147 355 140 73 68
positive/23.jpg 1 381 117 33 26
positive/24.jpg 2 313 119 58 48 455 85 38 34
positive/25.jpg 4 48 243 233 164 442 142 57 56 454 106 42 30 463 60 32 28
positive/26.jpg 2 434 172 79 65 452 98 47 34
positive/27.jpg 4 431 166 84 78 339 127 52 38 384 96 32 29 416 108 36 29
positive/28.jpg 3 132 211 142 107 356 149 64 58 303 132 60 41
positive/29.jpg 3 181 245 235 200 359 149 73 54 346 114 47 31
positive/3.jpg 3 429 223 117 99 352 127 72 62 431 94 58 40
positive/30.jpg 2 130 230 148 101 175 293 230 176
positive/31.jpg 4 269 154 78 62 449 113 73 48 411 81 48 35 388 49 37 28
positive/32.jpg 5 485 253 218 181 578 174 96 72 479 136 65 53 438 90 40 35 524 107 43 27
positive/33.jpg 3 344 175 88 64 328 127 52 46 364 99 46 37
positive/34.jpg 3 47 234 227 159 193 332 178 162 238 170 101 70
positive/35.jpg 2 263 156 78 64 337 100 51 48
positive/36.jpg 1 173 178 119 89
positive/37.jpg 2 308 157 62 54 395 100 40 39
positive/38.jpg 3 294 143 66 64 415 94 41 44 439 56 39 36
positive/39.jpg 2 347 160 88 75 391 59 65 55
positive/4.jpg 3 420 241 132 106 330 117 49 32 438 135 48 31
positive/40.jpg 3 287 233 122 103 311 108 55 48 453 32 48 50
positive/41.jpg 2 424 171 90 93 447 3 43 40
positive/42.jpg 2 435 127 67 59 387 1 45 23
positive/43.jpg 2 411 150 63 57 589 209 114 80
positive/44.jpg 4 365 57 62 56 373 117 57 57 434 40 46 44 340 3 40 30
positive/45.jpg 5 218 210 166 148 236 361 145 118 427 170 79 69 317 122 55 40 416 60 55 37
positive/46.jpg 1 296 217 111 89
positive/47.jpg 2 198 207 101 69 465 133 47 30
positive/48.jpg 1 402 243 191 151
positive/49.jpg 4 171 225 128 89 419 153 74 47 366 135 48 40 422 93 47 36
positive/5.jpg 2 247 158 88 64 309 117 56 41
positive/6.jpg 3 293 145 58 56 378 126 51 42 378 92 52 34
positive/7.jpg 3 294 231 112 95 350 157 73 51 432 134 43 29
positive/8.jpg 6 435 187 83 78 356 151 65 71 290 128 65 54 438 78 42 48 385 63 46 37 351 47 33 27
positive/9.jpg 3 432 205 79 65 365 163 61 49 324 125 44 41
