positive_block/0.jpg 2 207 146 60 45 309 65 32 29
positive_block/1.jpg 2 13 339 181 140 275 112 39 21
positive_block/10.jpg 4 186 199 68 52 326 105 50 40 237 86 34 27 277 75 26 21
positive_block/100.jpg 3 448 185 96 67 334 148 67 46 319 112 54 35
positive_block/101.jpg 6 453 206 93 65 337 164 75 54 330 99 43 32 323 60 33 27 293 49 25 21 347 36 19 17
positive_block/102.jpg 3 347 97 62 68 387 17 35 32 343 0 34 25
positive_block/103.jpg 3 346 247 174 142 315 85 28 21 342 114 38 24
positive_block/104.jpg 4 340 112 48 42 342 73 41 31 305 55 33 29 319 26 28 25
positive_block/105.jpg 4 342 134 63 46 340 92 52 41 295 72 37 35 308 45 33 27
positive_block/106.jpg 3 350 195 113 79 344 132 60 47 280 117 45 39
positive_block/107.jpg 4 353 162 108 106 395 60 40 39 342 38 38 38 386 18 39 29
positive_block/108.jpg 5 408 276 186 182 407 103 49 38 344 81 43 32 393 53 41 34 339 27 43 35
positive_block/109.jpg 3 355 207 92 60 334 148 65 46 309 106 24 18
positive_block/11.jpg 4 67 223 172 139 346 119 50 36 230 105 40 29 280 94 32 29
positive_block/110.jpg 5 444 172 82 62 342 141 68 54 403 104 56 48 333 79 49 44 316 4 38 34
positive_block/111.jpg 4 360 230 99 85 439 170 80 67 336 133 65 55 317 49 45 40
positive_block/112.jpg 4 358 239 122 97 329 107 60 52 362 35 42 34 355 8 36 28
positive_block/113.jpg 3 348 190 85 63 384 90 52 36 374 56 43 34
positive_block/114.jpg 3 341 265 217 175 409 136 63 44 392 98 51 39
positive_block/115.jpg 2 464 226 119 73 430 169 82 60
positive_block/116.jpg 1 251 187 75 69
positive_block/117.jpg 1 335 34 45 35
positive_block/118.jpg 1 339 93 48 45
positive_block/119.jpg 1 352 208 96 76
positive_block/12.jpg 5 369 195 99 78 208 133 59 42 280 110 44 34 240 96 31 25 276 84 32 22
positive_block/120.jpg 1 299 104 35 28
positive_block/121.jpg 3 279 136 51 39 294 111 37 28 381 103 32 28
positive_block/122.jpg 3 244 201 84 74 269 132 58 50 391 93 40 37
positive_block/123.jpg 3 238 224 87 71 408 144 58 49 381 98 37 34
positive_block/124.jpg 3 458 202 114 91 396 97 42 31 307 46 31 28
positive_block/125.jpg 3 350 192 86 73 400 119 66 52 263 82 55 40
positive_block/126.jpg 3 418 148 73 50 292 89 36 28 346 84 23 18
positive_block/127.jpg 3 285 134 41 35 339 107 33 30 346 85 25 19
positive_block/128.jpg 4 256 162 69 57 335 92 44 40 339 53 31 25 319 29 23 22
positive_block/129.jpg 5 210 230 136 132 340 118 52 40 338 78 32 30 339 49 29 28 308 7 31 31
positive_block/13.jpg 4 276 156 65 61 160 214 91 75 231 114 38 33 282 101 31 22
positive_block/130.jpg 4 345 203 78 63 336 79 43 40 334 44 42 36 300 29 29 27
positive_block/131.jpg 5 352 204 153 129 339 100 56 36 334 74 45 26 295 49 34 31 339 6 22 18
positive_block/132.jpg 3 346 188 76 59 339 124 51 47 285 77 40 36
positive_block/133.jpg 3 347 228 184 140 350 156 73 58 276 123 48 38
positive_block/134.jpg 3 362 300 211 173 259 179 68 63 336 115 38 28
positive_block/135.jpg 2 464 210 98 73 261 146 62 56
positive_block/136.jpg 3 211 242 136 113 336 145 52 39 370 113 31 26
positive_block/137.jpg 2 351 170 82 69 387 95 37 30
positive_block/138.jpg 5 383 340 183 147 401 170 54 42 375 120 40 33 324 107 38 32 359 90 32 20
positive_block/139.jpg 4 447 171 93 67 397 104 49 39 328 88 44 36 371 76 31 23
positive_block/14.jpg 4 268 213 90 74 215 141 51 42 16 378 155 121 283 118 39 34
positive_block/140.jpg 3 426 161 82 65 340 140 57 47 382 112 50 30
positive_block/141.jpg 3 357 215 98 74 409 164 60 40 385 139 49 27
positive_block/142.jpg 3 465 232 109 76 419 173 76 54 322 120 38 26
positive_block/143.jpg 1 331 135 47 30
positive_block/144.jpg 3 341 204 75 60 342 57 28 23 296 49 21 14
positive_block/145.jpg 1 208 264 145 120
positive_block/146.jpg 3 359 217 147 122 349 73 34 26 300 57 22 20
positive_block/147.jpg 3 369 100 44 36 302 53 32 26 322 26 30 25
positive_block/148.jpg 3 389 117 60 49 309 50 38 33 332 21 34 30
positive_block/149.jpg 2 430 156 83 70 315 74 40 34
positive_block/15.jpg 4 356 138 71 61 273 163 69 61 230 83 51 50 267 7 30 28
positive_block/150.jpg 2 329 136 44 33 263 66 23 20
positive_block/151.jpg 2 341 164 72 62 386 89 48 39
positive_block/152.jpg 2 365 183 99 83 407 118 60 44
positive_block/153.jpg 2 343 116 34 30 387 113 27 23
positive_block/154.jpg 3 480 223 118 83 269 129 38 27 336 116 31 26
positive_block/155.jpg 3 263 160 51 45 355 81 42 36 258 28 31 23
positive_block/156.jpg 1 279 30 36 40
positive_block/157.jpg 3 256 156 71 66 383 72 50 38 264 60 32 21
positive_block/158.jpg 2 410 183 63 45 261 118 43 32
positive_block/159.jpg 2 489 187 108 82 268 103 44 28
positive_block/16.jpg 2 166 183 83 68 277 124 58 41
positive_block/160.jpg 3 259 186 64 60 266 123 39 31 305 112 31 25
positive_block/161.jpg 2 265 152 48 41 320 142 39 26
positive_block/162.jpg 5 246 219 85 76 336 154 60 48 344 102 33 27 278 73 22 20 253 81 25 23
positive_block/163.jpg 4 360 234 99 85 363 103 43 34 256 54 29 24 282 32 31 24
positive_block/164.jpg 2 394 141 62 46 261 44 33 23
positive_block/165.jpg 3 340 145 54 46 398 133 41 29 381 102 28 27
positive_block/166.jpg 3 445 132 91 58 304 87 33 20 265 85 35 25
positive_block/167.jpg 2 273 81 45 42 325 4 34 40
positive_block/168.jpg 3 263 159 47 36 313 150 44 28 311 109 23 19
positive_block/169.jpg 3 255 168 70 62 340 128 62 53 334 83 29 22
positive_block/17.jpg 2 273 217 77 65 284 104 39 33
positive_block/170.jpg 5 357 237 123 103 355 115 35 21 321 112 24 15 267 115 24 20 221 35 14 17
positive_block/171.jpg 5 384 141 49 34 268 127 36 27 336 103 36 25 257 76 28 25 285 64 27 24
positive_block/172.jpg 3 436 188 88 67 263 114 52 45 364 56 47 43
positive_block/173.jpg 4 258 160 67 58 386 93 61 44 262 21 45 37 308 4 42 29
positive_block/174.jpg 4 431 166 81 63 264 76 46 44 319 53 46 39 204 261 159 127
positive_block/175.jpg 2 262 148 59 58 333 115 64 56
positive_block/176.jpg 2 240 236 92 83 353 187 89 72
positive_block/177.jpg 3 354 225 104 91 426 169 77 51 388 107 42 38
positive_block/178.jpg 2 265 150 62 55 334 7 44 46
positive_block/179.jpg 1 419 407 148 90
positive_block/18.jpg 1 282 153 51 41
positive_block/180.jpg 1 335 18 51 52
positive_block/181.jpg 1 338 45 54 58
positive_block/182.jpg 1 344 103 79 81
positive_block/183.jpg 1 377 206 159 148
positive_block/184.jpg 0
positive_block/185.jpg 2 452 15 31 24 410 30 29 22
positive_block/186.jpg 1 428 103 42 30
positive_block/187.jpg 3 422 148 62 42 301 155 48 36 388 158 28 25
positive_block/188.jpg 3 481 224 116 85 262 178 60 45 335 166 40 27
positive_block/189.jpg 2 242 228 89 82 339 38 48 61
positive_block/19.jpg 1 266 203 93 81
positive_block/190.jpg 2 408 141 61 53 305 92 30 26
positive_block/191.jpg 1 320 164 52 26
positive_block/192.jpg 2 336 186 78 49 304 153 59 38
positive_block/193.jpg 3 341 182 86 70 339 274 238 191 370 78 44 29
positive_block/194.jpg 5 414 381 147 114 401 113 59 36 382 91 49 28 346 63 41 26 324 41 34 29
positive_block/195.jpg 3 410 156 79 55 380 113 66 45 355 70 47 34
positive_block/196.jpg 5 467 216 113 69 413 142 59 35 400 114 50 33 307 120 34 25 343 85 34 27
positive_block/197.jpg 4 460 199 105 77 418 128 73 63 282 102 40 35 337 78 37 36
positive_block/198.jpg 3 475 227 120 86 272 134 53 50 338 124 48 39
positive_block/199.jpg 2 242 184 81 82 343 135 67 57
positive_block/2.jpg 5 363 193 77 66 225 115 39 36 314 79 35 32 233 69 31 24 281 38 25 24
positive_block/20.jpg 4 382 222 111 97 234 252 151 136 200 143 60 53 245 51 45 33
positive_block/200.jpg 3 111 164 80 63 245 117 49 40 281 71 24 21
positive_block/201.jpg 2 216 163 66 55 269 67 31 28
positive_block/202.jpg 3 158 204 99 86 212 123 64 57 188 85 46 41
positive_block/203.jpg 4 285 200 87 90 299 128 51 44 226 112 36 29 281 106 26 21
positive_block/204.jpg 3 165 220 90 82 143 145 63 50 314 128 36 31
positive_block/205.jpg 5 37 229 109 79 305 134 46 39 213 118 43 30 284 89 30 33 330 72 26 27
positive_block/206.jpg 4 188 199 87 71 217 77 31 30 248 98 37 36 290 57 31 31
positive_block/207.jpg 5 293 165 72 65 170 135 56 43 260 80 44 39 320 45 34 30 274 24 25 22
positive_block/208.jpg 4 278 231 113 109 109 149 82 64 244 95 49 42 316 69 32 24
positive_block/209.jpg 2 221 144 63 48 310 116 40 35
positive_block/21.jpg 2 336 75 42 35 333 45 35 32
positive_block/210.jpg 5 158 207 100 86 302 123 49 45 225 106 33 27 319 87 29 26 308 58 26 22
positive_block/211.jpg 5 293 182 72 67 194 123 45 36 258 105 44 33 311 84 39 27 303 56 24 21
positive_block/212.jpg 5 256 238 159 128 149 135 55 43 241 119 50 33 304 99 46 34 291 61 28 27
positive_block/213.jpg 4 293 177 74 63 225 134 61 45 229 78 27 23 290 56 27 27
positive_block/214.jpg 4 53 205 90 68 201 162 72 59 297 123 50 44 279 78 36 31
positive_block/215.jpg 3 293 181 71 56 106 250 157 131 265 90 38 30
positive_block/216.jpg 2 274 213 123 124 249 99 48 44
positive_block/217.jpg 1 227 123 59 53
positive_block/218.jpg 3 229 131 55 46 192 99 46 30 292 64 35 31
positive_block/219.jpg 1 196 172 80 67
positive_block/22.jpg 4 342 88 49 45 338 46 41 37 267 10 27 22 296 13 29 22
positive_block/220.jpg 1 128 223 126 106
positive_block/221.jpg 4 34 287 242 180 136 147 66 42 289 116 34 33 240 105 37 27
positive_block/222.jpg 4 21 228 121 93 289 117 51 42 237 106 39 30 273 63 29 27
positive_block/223.jpg 4 288 174 69 62 223 135 53 46 236 104 38 32 280 72 25 26
positive_block/224.jpg 3 63 202 102 73 217 148 60 50 288 100 30 29
positive_block/225.jpg 4 284 217 106 93 200 138 80 57 227 110 56 37 282 84 35 28
positive_block/226.jpg 4 157 216 103 91 206 149 65 56 286 129 38 27 244 129 30 19
positive_block/227.jpg 6 133 241 135 104 287 131 53 47 239 117 37 37 200 99 37 27 242 77 28 21 266 46 19 22
positive_block/228.jpg 6 285 169 76 62 222 125 56 53 183 87 45 36 195 57 37 32 243 51 32 27 270 26 23 22
positive_block/229.jpg 5 281 225 118 105 204 140 67 56 167 106 46 33 239 78 33 23 189 84 39 23
positive_block/23.jpg 2 268 207 94 82 189 158 69 59
positive_block/230.jpg 4 191 182 83 72 162 110 52 44 291 76 44 37 282 34 19 17
positive_block/231.jpg 4 143 222 116 105 125 152 68 43 232 128 46 31 283 115 26 24
positive_block/232.jpg 4 3 241 135 91 109 173 79 51 215 153 64 45 285 115 40 27
positive_block/233.jpg 3 178 195 90 71 207 155 69 43 288 120 51 40
positive_block/234.jpg 2 102 232 168 138 289 164 72 61
positive_block/235.jpg 4 166 228 95 81 194 136 47 32 269 113 37 37 309 69 31 24
positive_block/236.jpg 2 280 111 41 28 258 80 27 21
positive_block/237.jpg 4 284 107 45 35 275 75 42 29 268 30 30 33 200 13 31 25
positive_block/238.jpg 4 290 134 55 54 280 78 48 39 275 37 36 35 203 31 32 20
positive_block/239.jpg 4 291 177 77 68 289 116 53 44 280 86 37 24 199 90 36 23
positive_block/24.jpg 3 359 117 65 46 293 95 34 25 269 104 23 21
positive_block/240.jpg 4 289 182 73 56 279 129 51 42 192 114 39 29 270 100 30 26
positive_block/241.jpg 4 284 138 66 52 179 112 50 37 277 78 40 41 266 45 32 26
positive_block/242.jpg 3 102 195 77 53 59 329 169 158 291 136 54 44
positive_block/243.jpg 5 286 205 89 74 144 135 60 48 288 88 37 41 274 57 35 29 237 51 23 20
positive_block/244.jpg 3 93 170 96 59 279 125 66 46 280 94 34 24
positive_block/245.jpg 3 290 182 70 66 285 127 41 37 235 118 38 28
positive_block/246.jpg 2 135 168 62 50 247 117 49 45
positive_block/247.jpg 3 289 146 55 51 228 114 47 38 232 87 38 29
positive_block/248.jpg 3 290 204 78 75 208 136 64 53 226 89 45 44
positive_block/249.jpg 3 184 188 87 73 215 130 63 52 206 87 32 25
positive_block/25.jpg 3 377 230 124 91 356 182 79 58 291 134 38 31
positive_block/250.jpg 4 187 190 85 71 47 315 195 163 203 102 29 25 286 125 39 26
positive_block/251.jpg 3 54 318 194 169 293 148 49 44 191 95 37 35
positive_block/252.jpg 3 289 183 80 64 288 137 64 45 175 103 45 37
positive_block/253.jpg 4 282 194 99 74 143 153 65 44 238 129 34 24 281 128 31 22
positive_block/254.jpg 3 290 198 78 63 286 85 29 29 252 63 24 22
positive_block/255.jpg 11 54 225 103 71 228 143 48 35 286 129 43 35 239 123 37 21 272 83 31 27 237 98 35 26 238 69 29 24 211 50 21 24 234 45 20 20 258 40 20 20 226 25 19 19
positive_block/256.jpg 7 201 164 70 54 287 131 56 59 220 125 56 37 241 82 35 37 279 51 36 38 240 40 37 28 215 27 24 21
positive_block/257.jpg 3 1 245 146 97 210 137 69 61 283 64 32 28
positive_block/258.jpg 5 151 227 107 100 288 173 89 72 201 139 73 60 225 95 53 43 284 81 39 33
positive_block/259.jpg 6 260 248 162 133 163 209 96 76 217 135 57 49 295 116 33 37 206 108 29 18 242 113 33 19
positive_block/26.jpg 3 385 281 211 186 286 145 51 44 245 130 35 31
positive_block/260.jpg 5 175 223 89 75 285 165 63 51 232 131 45 34 192 114 35 29 280 103 34 30
positive_block/261.jpg 6 286 219 90 91 211 159 62 52 173 126 47 34 235 115 45 40 284 107 40 39 241 86 32 27
positive_block/262.jpg 5 161 216 97 92 135 136 61 49 222 117 52 48 289 108 47 39 240 87 37 26
positive_block/263.jpg 4 288 147 64 58 195 171 75 68 46 210 108 81 234 126 43 31
positive_block/264.jpg 3 289 224 92 94 55 261 216 172 219 157 58 45
positive_block/265.jpg 3 164 222 100 87 232 112 47 38 247 72 33 28
positive_block/266.jpg 2 217 158 58 48 247 92 36 30
positive_block/267.jpg 3 161 200 97 78 300 129 50 31 273 113 33 20
positive_block/268.jpg 2 175 190 87 71 244 119 35 25
positive_block/269.jpg 2 234 137 40 33 189 126 39 26
positive_block/27.jpg 6 266 219 92 85 210 139 59 49 294 109 42 30 304 75 27 27 335 57 26 24 310 52 20 19
positive_block/270.jpg 4 200 191 69 57 143 170 59 38 252 133 33 26 227 127 26 21
positive_block/271.jpg 4 58 319 179 162 30 218 112 77 239 126 45 34 215 98 32 25
positive_block/272.jpg 4 214 151 62 54 192 91 42 35 237 19 24 21 261 39 24 22
positive_block/273.jpg 4 147 232 112 91 167 126 52 37 254 77 33 25 259 42 29 27
positive_block/274.jpg 3 115 185 76 58 244 72 42 40 254 23 33 34
positive_block/275.jpg 3 233 93 50 38 248 55 40 31 227 31 29 26
positive_block/276.jpg 5 209 155 69 61 235 108 55 36 219 77 34 27 296 59 24 23 297 30 19 20
positive_block/277.jpg 1 292 85 35 31
positive_block/278.jpg 5 252 137 44 33 249 107 29 20 335 83 26 21 293 69 29 17 334 50 17 17
positive_block/279.jpg 4 151 224 109 92 219 131 63 45 205 94 39 33 299 54 23 29
positive_block/28.jpg 5 153 230 91 77 284 107 52 49 301 65 31 27 336 49 27 29 306 46 27 19
positive_block/280.jpg 4 183 201 82 69 182 114 47 35 298 65 31 31 302 35 20 22
positive_block/281.jpg 3 82 238 187 154 151 127 60 44 298 79 37 28
positive_block/282.jpg 2 89 178 88 70 297 106 37 31
positive_block/283.jpg 2 292 151 51 42 301 94 31 30
positive_block/284.jpg 2 285 167 79 71 299 89 35 28
positive_block/285.jpg 4 257 244 162 135 297 137 48 35 259 119 34 32 221 120 35 26
positive_block/286.jpg 3 295 148 58 52 243 108 47 38 198 101 40 35
positive_block/287.jpg 3 287 185 82 71 221 132 62 48 167 117 51 44
positive_block/288.jpg 2 194 178 77 62 116 160 76 55
positive_block/289.jpg 5 213 171 69 49 244 128 51 43 219 89 44 31 324 45 31 29 272 36 31 20
positive_block/29.jpg 3 84 251 154 116 217 113 54 46 241 48 47 41
positive_block/290.jpg 1 293 143 49 39
positive_block/291.jpg 2 7 207 111 93 68 252 196 145
positive_block/292.jpg 3 258 105 25 21 323 83 20 20 268 87 25 19
positive_block/293.jpg 5 258 81 38 28 234 53 36 26 254 30 28 23 319 24 23 27 323 6 22 18
positive_block/294.jpg 6 242 103 50 34 221 70 38 29 242 51 32 23 315 41 27 29 283 8 24 23 321 21 24 21
positive_block/295.jpg 6 211 148 76 59 200 101 47 44 229 74 35 29 312 65 32 31 318 44 28 25 279 30 22 21
positive_block/296.jpg 6 172 201 95 75 175 118 54 46 210 88 41 34 308 77 35 38 317 52 29 24 272 37 24 25
positive_block/297.jpg 6 121 164 78 48 47 324 182 160 188 117 47 41 302 101 47 37 307 65 38 29 264 50 23 25
positive_block/298.jpg 5 22 228 126 82 145 137 64 51 299 114 54 45 312 82 30 30 250 66 29 26
positive_block/299.jpg 4 293 148 62 55 87 180 90 64 305 101 42 34 245 91 30 27
positive_block/3.jpg 3 278 137 60 47 328 110 40 29 246 99 32 23
positive_block/30.jpg 3 275 162 68 62 298 103 32 31 341 88 32 30
positive_block/31.jpg 5 246 222 127 105 290 122 44 36 343 107 37 32 302 100 33 25 276 90 27 25
positive_block/32.jpg 5 275 170 73 64 351 129 52 50 291 115 46 38 262 94 31 27 310 87 24 26
positive_block/33.jpg 4 363 184 80 63 280 158 63 55 248 109 42 39 303 88 33 31
positive_block/34.jpg 1 81 251 158 130
positive_block/35.jpg 4 374 241 205 165 264 197 89 78 223 114 51 50 298 96 38 37
positive_block/36.jpg 2 175 170 79 68 286 125 47 44
positive_block/37.jpg 2 273 196 72 74 349 93 34 37
positive_block/38.jpg 2 346 108 49 45 301 20 24 26
positive_block/39.jpg 2 352 140 65 56 290 32 26 21
positive_block/4.jpg 6 88 242 143 107 256 212 88 74 361 125 66 64 297 104 50 43 363 47 47 38 323 40 39 31
positive_block/40.jpg 1 366 172 93 81
positive_block/41.jpg 5 172 191 74 73 191 156 65 46 213 106 55 51 290 32 39 44 336 18 42 35
positive_block/42.jpg 3 265 112 39 30 354 71 28 28 366 25 24 22
positive_block/43.jpg 2 238 87 47 50 351 19 34 33
positive_block/44.jpg 2 213 117 59 48 344 43 50 37
positive_block/45.jpg 1 319 102 39 29
positive_block/46.jpg 3 177 181 78 70 352 83 42 38 352 39 36 29
positive_block/47.jpg 3 40 247 193 158 355 127 53 46 351 63 31 31
positive_block/48.jpg 2 356 155 76 55 351 80 37 32
positive_block/49.jpg 3 381 216 105 81 350 114 49 41 348 42 27 30
positive_block/5.jpg 3 254 210 109 83 343 122 49 44 237 108 38 29
positive_block/50.jpg 2 361 145 62 57 324 5 38 33
positive_block/51.jpg 2 363 175 86 73 315 3 41 40
positive_block/52.jpg 2 414 328 182 153 334 53 39 40
positive_block/53.jpg 4 181 167 83 68 4 299 232 179 282 29 48 49 341 64 45 35
positive_block/54.jpg 2 343 112 60 54 230 28 44 45
positive_block/55.jpg 2 370 178 82 77 217 77 55 50
positive_block/56.jpg 2 336 134 54 38 235 125 31 19
positive_block/57.jpg 3 372 248 188 155 199 125 66 58 243 12 43 43
positive_block/58.jpg 2 144 216 106 83 232 58 47 53
positive_block/59.jpg 4 215 105 60 59 20 380 152 112 347 16 36 36 297 23 44 36
positive_block/6.jpg 5 378 263 220 206 204 148 55 36 325 101 44 37 240 71 28 27 294 42 25 22
positive_block/60.jpg 4 175 172 81 71 346 58 49 41 293 13 50 47 251 21 37 32
positive_block/61.jpg 5 89 250 151 123 353 98 50 48 291 48 53 61 241 63 42 32 306 4 43 30
positive_block/62.jpg 4 363 149 64 62 280 86 65 68 223 103 47 41 302 34 38 42
positive_block/63.jpg 6 381 231 96 90 260 128 102 99 266 237 90 78 188 161 65 51 291 79 45 39 273 3 37 29
positive_block/64.jpg 3 80 248 156 119 284 139 61 54 262 56 48 34
positive_block/65.jpg 5 52 256 191 167 277 70 61 67 352 122 57 45 230 35 44 41 278 16 40 42
positive_block/66.jpg 2 263 227 101 90 243 104 54 39
positive_block/67.jpg 4 366 181 84 72 227 126 41 33 306 101 33 29 279 85 23 22
positive_block/68.jpg 2 206 148 72 58 367 40 48 43
positive_block/69.jpg 2 88 240 144 113 368 116 54 43
positive_block/7.jpg 4 152 193 88 69 342 107 58 49 228 87 45 33 298 61 33 29
positive_block/70.jpg 1 365 185 97 86
positive_block/71.jpg 1 291 154 40 29
positive_block/72.jpg 1 240 162 50 38
positive_block/73.jpg 1 202 173 59 48
positive_block/74.jpg 2 152 208 97 71 329 146 52 34
positive_block/75.jpg 1 348 159 72 59
positive_block/76.jpg 3 353 233 117 94 272 57 29 26 307 14 24 25
positive_block/77.jpg 6 373 207 91 68 264 141 93 86 214 90 57 50 278 65 44 49 325 23 44 43 276 4 33 34
positive_block/78.jpg 6 204 150 60 46 319 100 44 44 236 71 34 25 288 41 30 24 229 36 29 21 259 12 24 19
positive_block/79.jpg 2 326 67 34 25 373 31 33 20
positive_block/8.jpg 2 173 185 74 64 308 81 28 27
positive_block/80.jpg 2 310 111 43 31 363 80 36 21
positive_block/81.jpg 3 285 145 65 48 352 110 46 30 297 116 31 20
positive_block/82.jpg 6 251 238 118 101 357 147 69 57 346 110 46 36 260 105 30 28 307 91 32 26 341 77 32 23
positive_block/83.jpg 5 356 166 69 55 377 257 166 120 235 115 44 40 299 89 35 35 340 79 35 31
positive_block/84.jpg 5 381 230 133 105 200 154 64 53 289 124 49 42 343 112 38 29 308 87 26 23
positive_block/85.jpg 5 70 243 165 137 276 168 71 61 347 135 57 44 343 106 35 28 302 91 31 30
positive_block/86.jpg 3 371 196 90 69 349 121 48 39 296 104 39 37
positive_block/87.jpg 4 362 180 73 64 287 141 52 48 269 66 26 26 306 63 22 22
positive_block/88.jpg 4 374 251 220 197 270 167 78 68 255 75 35 29 297 66 32 29
positive_block/89.jpg 5 149 191 99 78 335 103 64 46 231 73 40 31 301 53 35 27 231 40 32 20
positive_block/9.jpg 6 20 358 178 127 368 199 85 76 219 121 48 42 313 87 37 29 235 83 36 26 268 64 30 29
positive_block/90.jpg 5 192 155 68 56 275 129 59 58 336 65 60 45 282 46 46 37 379 274 201 156
positive_block/91.jpg 3 237 99 43 32 291 91 40 36 244 295 133 117
positive_block/92.jpg 2 216 139 55 50 287 130 47 44
positive_block/93.jpg 3 267 182 86 62 146 213 98 78 286 128 49 37
positive_block/94.jpg 1 276 169 69 55
positive_block/95.jpg 0
positive_block/96.jpg 3 289 69 35 29 282 46 35 23 314 14 21 28
positive_block/97.jpg 3 281 76 51 35 286 37 32 33 312 2 28 28
positive_block/98.jpg 3 278 100 60 46 282 61 40 32 314 34 33 28
positive_block/99.jpg 3 273 154 72 60 278 102 48 42 318 77 31 30
positive_block/300.jpg 6 54 198 155 133 80 349 135 110 248 285 128 102 286 118 59 47 353 51 52 40 309 14 45 33
positive_block/301.jpg 5 105 239 134 115 276 48 57 57 282 109 48 45 334 43 43 40 281 8 41 35
positive_block/302.jpg 5 276 71 56 43 271 123 76 73 278 201 62 70 351 117 57 52 326 16 43 37
positive_block/303.jpg 4 278 107 60 55 239 4 40 34 283 2 42 38 285 44 47 43
positive_block/304.jpg 4 272 185 79 75 277 39 53 54 283 96 48 48 229 53 43 35
positive_block/305.jpg 4 216 262 183 156 278 78 57 63 281 147 58 54 215 94 55 40
positive_block/306.jpg 2 294 14 46 51 293 67 39 43
positive_block/307.jpg 2 285 63 57 56 290 121 50 54
positive_block/308.jpg 2 278 108 71 74 278 182 67 64
positive_block/309.jpg 3 96 256 142 107 273 13 43 44 277 61 41 41
positive_block/310.jpg 3 277 72 58 67 280 141 55 55 228 6 42 36
positive_block/311.jpg 3 271 97 76 75 275 174 66 66 224 30 47 43
positive_block/312.jpg 3 253 169 116 117 260 289 105 94 231 91 45 38
positive_block/313.jpg 4 340 94 69 72 343 166 66 65 387 17 36 35 342 4 36 24
positive_block/314.jpg 6 359 154 95 98 348 262 110 95 394 58 47 41 336 37 49 40 388 17 40 34 344 2 40 17
positive_block/315.jpg 5 407 272 187 171 407 96 50 45 339 75 49 37 395 51 43 35 341 24 42 36
positive_block/316.jpg 4 406 111 61 52 274 73 50 48 335 10 41 42 329 55 46 46
positive_block/317.jpg 4 433 160 75 60 268 112 59 55 338 37 50 52 333 93 50 48
positive_block/318.jpg 3 254 184 79 70 340 82 67 62 335 152 69 52
positive_block/319.jpg 2 342 142 108 91 343 240 104 81
positive_block/320.jpg 4 364 242 105 94 454 199 93 63 396 86 54 42 326 24 44 46
positive_block/321.jpg 4 428 148 75 67 339 29 43 45 331 83 49 46 383 14 38 40
positive_block/322.jpg 5 483 248 116 90 339 76 59 58 333 140 62 51 394 60 44 39 385 16 41 33
positive_block/323.jpg 6 414 116 53 43 348 146 80 66 343 215 84 79 394 65 49 32 391 32 44 30 345 1 34 33
positive_block/324.jpg 6 355 179 115 93 338 279 119 93 432 142 58 49 404 85 49 33 398 49 49 34 345 21 46 28
positive_block/325.jpg 5 349 184 85 70 262 141 65 59 401 104 58 47 333 11 47 45 329 62 44 42
positive_block/326.jpg 5 237 228 88 74 341 281 233 185 431 158 80 66 335 51 60 55 331 109 58 54
positive_block/327.jpg 2 342 101 77 75 336 181 78 69
positive_block/328.jpg 2 370 192 141 129 353 329 146 110
positive_block/329.jpg 3 227 299 121 91 322 61 47 44 322 8 44 48
positive_block/330.jpg 2 320 49 68 55 329 108 52 55
positive_block/331.jpg 2 335 102 79 73 338 178 69 69
positive_block/332.jpg 2 357 182 129 110 349 299 137 106
positive_block/333.jpg 3 262 149 66 54 332 6 47 46 325 54 51 47
positive_block/334.jpg 2 334 17 51 51 332 71 48 49
positive_block/335.jpg 2 336 44 61 55 333 103 61 54
positive_block/336.jpg 2 333 101 87 72 336 182 82 69
positive_block/337.jpg 2 381 211 156 136 360 355 157 117
positive_block/338.jpg 3 238 233 96 72 338 43 52 50 334 98 55 49
positive_block/339.jpg 4 401 103 56 45 325 49 46 43 330 2 48 39 285 1 36 32
positive_block/340.jpg 5 427 158 83 66 329 39 61 54 334 95 48 56 280 43 45 37 287 17 36 27
positive_block/341.jpg 6 341 79 66 66 335 151 60 56 481 245 115 101 273 93 57 39 282 62 43 30 289 17 40 36
positive_block/342.jpg 6 345 124 91 79 344 214 84 79 267 140 60 50 272 107 54 34 283 53 48 40 288 19 48 37
positive_block/343.jpg 6 372 187 145 136 357 326 143 126 245 206 89 74 278 112 50 38 255 168 73 39 290 74 51 39
positive_block/344.jpg 3 287 149 72 60 240 46 49 40 236 2 44 41
positive_block/345.jpg 4 282 226 98 83 229 32 52 47 232 84 51 49 190 14 39 37
positive_block/346.jpg 4 269 309 140 111 216 66 65 52 221 125 63 48 177 49 47 38
positive_block/347.jpg 3 199 180 86 71 164 101 56 37 286 18 43 44
positive_block/348.jpg 4 92 218 157 113 110 335 133 116 296 92 59 41 269 51 47 35
positive_block/349.jpg 4 272 251 121 89 42 417 147 78 248 1 43 38 251 46 46 41

